-3	6.40293e-09
-2.98999	4.35569e-06
-2.97999	8.70518e-06
-2.96998	1.30549e-05
-2.95998	1.74048e-05
-2.94997	2.17549e-05
-2.93997	2.61053e-05
-2.92996	3.04559e-05
-2.91996	3.48067e-05
-2.90995	3.91578e-05
-2.89994	4.35091e-05
-2.88994	4.78607e-05
-2.87993	5.22125e-05
-2.86993	5.65647e-05
-2.85992	6.09171e-05
-2.84992	6.52698e-05
-2.83991	6.96228e-05
-2.82991	7.39761e-05
-2.8199	7.83298e-05
-2.80989	8.26838e-05
-2.79989	8.70381e-05
-2.78988	9.13927e-05
-2.77988	9.57477e-05
-2.76987	0.000100103
-2.75987	0.000104459
-2.74986	0.000108815
-2.73986	0.000113172
-2.72985	0.000117528
-2.71984	0.000121886
-2.70984	0.000126244
-2.69983	0.000130602
-2.68983	0.000134961
-2.67982	0.00013932
-2.66982	0.000143679
-2.65981	0.00014804
-2.64981	0.0001524
-2.6398	0.000156761
-2.62979	0.000161123
-2.61979	0.000165486
-2.60978	0.000169848
-2.59978	0.000174212
-2.58977	0.000178576
-2.57977	0.000182941
-2.56976	0.000187306
-2.55976	0.000191672
-2.54975	0.000196039
-2.53974	0.000200406
-2.52974	0.000204774
-2.51973	0.000209143
-2.50973	0.000213512
-2.49972	0.000217883
-2.48972	0.000222254
-2.47971	0.000226626
-2.46971	0.000230999
-2.4597	0.000235372
-2.44969	0.000239747
-2.43969	0.000244122
-2.42968	0.000248499
-2.41968	0.000252876
-2.40967	0.000257254
-2.39967	0.000261634
-2.38966	0.000266014
-2.37966	0.000270395
-2.36965	0.000274778
-2.35964	0.000279162
-2.34964	0.000283546
-2.33963	0.000287932
-2.32963	0.00029232
-2.31962	0.000296708
-2.30962	0.000301098
-2.29961	0.000305489
-2.28961	0.000309881
-2.2796	0.000314275
-2.26959	0.000318671
-2.25959	0.000323067
-2.24958	0.000327466
-2.23958	0.000331865
-2.22957	0.000336267
-2.21957	0.00034067
-2.20956	0.000345074
-2.19956	0.000349481
-2.18955	0.000353889
-2.17954	0.000358299
-2.16954	0.000362711
-2.15953	0.000367125
-2.14953	0.00037154
-2.13952	0.000375958
-2.12952	0.000380378
-2.11951	0.0003848
-2.10951	0.000389224
-2.0995	0.00039365
-2.08949	0.000398079
-2.07949	0.00040251
-2.06948	0.000406943
-2.05948	0.000411379
-2.04947	0.000415817
-2.03947	0.000420258
-2.02946	0.000424702
-2.01946	0.000429148
-2.00945	0.000433597
-1.99944	0.000438049
-1.98944	0.000442504
-1.97943	0.000446962
-1.96943	0.000451423
-1.95942	0.000455888
-1.94942	0.000460355
-1.93941	0.000464826
-1.92941	0.0004693
-1.9194	0.000473778
-1.90939	0.000478259
-1.89939	0.000482745
-1.88938	0.000487234
-1.87938	0.000491726
-1.86937	0.000496223
-1.85937	0.000500724
-1.84936	0.000505229
-1.83936	0.000509738
-1.82935	0.000514252
-1.81934	0.000518771
-1.80934	0.000523293
-1.79933	0.000527821
-1.78933	0.000532354
-1.77932	0.000536891
-1.76932	0.000541434
-1.75931	0.000545981
-1.74931	0.000550535
-1.7393	0.000555093
-1.72929	0.000559658
-1.71929	0.000564228
-1.70928	0.000568804
-1.69928	0.000573386
-1.68927	0.000577974
-1.67927	0.000582568
-1.66926	0.00058717
-1.65926	0.000591777
-1.64925	0.000596392
-1.63924	0.000601014
-1.62924	0.000605642
-1.61923	0.000610278
-1.60923	0.000614922
-1.59922	0.000619573
-1.58922	0.000624233
-1.57921	0.0006289
-1.56921	0.000633575
-1.5592	0.000638259
-1.54919	0.000642951
-1.53919	0.000647652
-1.52918	0.000652363
-1.51918	0.000657082
-1.50917	0.000661811
-1.49917	0.00066655
-1.48916	0.000671299
-1.47916	0.000676058
-1.46915	0.000680828
-1.45914	0.000685608
-1.44914	0.000690399
-1.43913	0.000695202
-1.42913	0.000700016
-1.41912	0.000704841
-1.40912	0.000709679
-1.39911	0.000714529
-1.38911	0.000719392
-1.3791	0.000724267
-1.36909	0.000729156
-1.35909	0.000734058
-1.34908	0.000738975
-1.33908	0.000743905
-1.32907	0.000748849
-1.31907	0.000753809
-1.30906	0.000758784
-1.29906	0.000763774
-1.28905	0.00076878
-1.27904	0.000773802
-1.26904	0.000778841
-1.25903	0.000783897
-1.24903	0.00078897
-1.23902	0.000794061
-1.22902	0.00079917
-1.21901	0.000804298
-1.20901	0.000809444
-1.199	0.00081461
-1.18899	0.000819796
-1.17899	0.000825002
-1.16898	0.000830229
-1.15898	0.000835477
-1.14897	0.000840747
-1.13897	0.000846039
-1.12896	0.000851354
-1.11895	0.000856692
-1.10895	0.000862054
-1.09894	0.00086744
-1.08894	0.000872851
-1.07893	0.000878287
-1.06893	0.000883749
-1.05892	0.000889238
-1.04892	0.000894754
-1.03891	0.000900297
-1.0289	0.000905869
-1.0189	0.000911469
-1.00889	0.000917099
-0.998888	0.00092276
-0.988883	0.000928451
-0.978877	0.000934174
-0.968872	0.000939929
-0.958866	0.000945716
-0.94886	0.000951538
-0.938855	0.000957394
-0.928849	0.000963285
-0.918844	0.000969212
-0.908838	0.000975175
-0.898833	0.000981176
-0.888827	0.000987216
-0.878822	0.000993294
-0.868816	0.000999412
-0.85881	0.00100557
-0.848805	0.00101177
-0.838799	0.00101801
-0.828794	0.0010243
-0.818788	0.00103063
-0.808783	0.001037
-0.798777	0.00104343
-0.788772	0.00104989
-0.778766	0.00105641
-0.76876	0.00106298
-0.758755	0.00106959
-0.748749	0.00107626
-0.738744	0.00108298
-0.728738	0.00108976
-0.718733	0.00109658
-0.708727	0.00110347
-0.698722	0.00111041
-0.688716	0.00111741
-0.67871	0.00112447
-0.668705	0.00113159
-0.658699	0.00113877
-0.648694	0.00114601
-0.638688	0.00115332
-0.628683	0.00116069
-0.618677	0.00116813
-0.608671	0.00117564
-0.598666	0.00118322
-0.58866	0.00119087
-0.578655	0.00119859
-0.568649	0.00120639
-0.558644	0.00121426
-0.548638	0.00122221
-0.538633	0.00123024
-0.528627	0.00123835
-0.518621	0.00124654
-0.508616	0.00125481
-0.49861	0.00126317
-0.488605	0.00127162
-0.478599	0.00128015
-0.468594	0.00128877
-0.458588	0.00129749
-0.448583	0.0013063
-0.438577	0.00131521
-0.428571	0.00132421
-0.418566	0.00133332
-0.40856	0.00134252
-0.398555	0.00135183
-0.388549	0.00136125
-0.378544	0.00137077
-0.368538	0.00138041
-0.358533	0.00139015
-0.348527	0.00140001
-0.338521	0.00140999
-0.328516	0.00142008
-0.31851	0.0014303
-0.308505	0.00144064
-0.298499	0.0014511
-0.288494	0.0014617
-0.278488	0.00147242
-0.268482	0.00148328
-0.258477	0.00149427
-0.248471	0.0015054
-0.238466	0.00151667
-0.22846	0.00152809
-0.218455	0.00153964
-0.208449	0.00155134
-0.198444	0.0015632
-0.188438	0.0015752
-0.178432	0.00158737
-0.168427	0.00159969
-0.158421	0.00161218
-0.148416	0.00162483
-0.13841	0.00163765
-0.128405	0.00165064
-0.118399	0.0016638
-0.108394	0.00167715
-0.098388	0.00169068
-0.0883824	0.00170439
-0.0783769	0.00171829
-0.0683713	0.00173239
-0.0583658	0.00174668
-0.0483602	0.00176117
-0.0383546	0.00177586
-0.0283491	0.00179077
-0.0183435	0.00180588
-0.00833797	0.00182121
0.00166759	0.00183675
0.0116732	0.00185252
0.0216787	0.00186852
0.0316843	0.00188475
0.0416898	0.00190121
0.0516954	0.00191791
0.0617009	0.00193485
0.0717065	0.00195205
0.0817121	0.00196949
0.0917176	0.00198719
0.101723	0.00200515
0.111729	0.00202338
0.121734	0.00204188
0.13174	0.00206065
0.141745	0.00207971
0.151751	0.00209905
0.161757	0.00211867
0.171762	0.0021386
0.181768	0.00215882
0.191773	0.00217935
0.201779	0.0022002
0.211784	0.00222135
0.22179	0.00224283
0.231795	0.00226463
0.241801	0.00228677
0.251807	0.00230924
0.261812	0.00233206
0.271818	0.00235523
0.281823	0.00237876
0.291829	0.00240265
0.301834	0.0024269
0.31184	0.00245153
0.321845	0.00247655
0.331851	0.00250195
0.341857	0.00252774
0.351862	0.00255394
0.361868	0.00258054
0.371873	0.00260755
0.381879	0.00263499
0.391884	0.00266286
0.40189	0.00269116
0.411895	0.0027199
0.421901	0.00274909
0.431907	0.00277874
0.441912	0.00280885
0.451918	0.00283944
0.461923	0.0028705
0.471929	0.00290205
0.481934	0.0029341
0.49194	0.00296665
0.501946	0.00299972
0.511951	0.0030333
0.521957	0.0030674
0.531962	0.00310204
0.541968	0.00313723
0.551973	0.00317297
0.561979	0.00320927
0.571984	0.00324615
0.58199	0.0032836
0.591996	0.00332164
0.602001	0.00336029
0.612007	0.00339954
0.622012	0.00343941
0.632018	0.00347991
0.642023	0.00352105
0.652029	0.00356283
0.662034	0.00360528
0.67204	0.00364839
0.682046	0.00369218
0.692051	0.00373666
0.702057	0.00378185
0.712062	0.00382774
0.722068	0.00387436
0.732073	0.00392171
0.742079	0.0039698
0.752084	0.00401865
0.76209	0.00406826
0.772096	0.00411866
0.782101	0.00416984
0.792107	0.00422182
0.802112	0.00427462
0.812118	0.00432825
0.822123	0.00438271
0.832129	0.00443803
0.842135	0.00449421
0.85214	0.00455127
0.862146	0.00460922
0.872151	0.00466807
0.882157	0.00472784
0.892162	0.00478854
0.902168	0.00485018
0.912173	0.00491274
0.922179	0.00497613
0.932185	0.0050405
0.94219	0.00510587
0.952196	0.00517225
0.962201	0.00523966
0.972207	0.0053081
0.982212	0.00537761
0.992218	0.00544818
1.00222	0.00551984
1.01223	0.0055926
1.02223	0.00566647
1.03224	0.00574149
1.04225	0.00581764
1.05225	0.00589497
1.06226	0.00597347
1.07226	0.00605318
1.08227	0.0061341
1.09227	0.00621623
1.10228	0.0062996
1.11228	0.00638425
1.12229	0.00647017
1.1323	0.0065574
1.1423	0.00664594
1.15231	0.00673581
1.16231	0.00682705
1.17232	0.00691965
1.18232	0.00701364
1.19233	0.00710904
1.20233	0.00720587
1.21234	0.00730415
1.22235	0.0074039
1.23235	0.00750502
1.24236	0.00760764
1.25236	0.0077118
1.26237	0.0078175
1.27237	0.00792476
1.28238	0.00803362
1.29238	0.00814358
1.30239	0.00825517
1.3124	0.0083684
1.3224	0.00848329
1.33241	0.00859986
1.34241	0.00871814
1.35242	0.00883816
1.36242	0.00895992
1.37243	0.00908346
1.38243	0.0092088
1.39244	0.00933596
1.40245	0.00946496
1.41245	0.00959583
1.42246	0.0097286
1.43246	0.00986327
1.44247	0.00999987
1.45247	0.0101384
1.46248	0.010279
1.47248	0.0104215
1.48249	0.0105661
1.4925	0.0107128
1.5025	0.0108616
1.51251	0.0110124
1.52251	0.0111654
1.53252	0.0113206
1.54252	0.0114779
1.55253	0.0116374
1.56253	0.0117991
1.57254	0.011963
1.58255	0.0121292
1.59255	0.0122978
1.60256	0.0124687
1.61256	0.012642
1.62257	0.0128177
1.63257	0.0129959
1.64258	0.0131765
1.65258	0.0133596
1.66259	0.0135452
1.6726	0.0137334
1.6826	0.0139241
1.69261	0.0141174
1.70261	0.0143134
1.71262	0.0145121
1.72262	0.0147129
1.73263	0.0149166
1.74263	0.015123
1.75264	0.0153322
1.76265	0.0155442
1.77265	0.0157591
1.78266	0.0159769
1.79266	0.0161975
1.80267	0.0164209
1.81267	0.0166472
1.82268	0.0168766
1.83268	0.017109
1.84269	0.0173445
1.8527	0.0175831
1.8627	0.0178248
1.87271	0.0180686
1.88271	0.0183155
1.89272	0.0185658
1.90272	0.0188192
1.91273	0.0190759
1.92273	0.019336
1.93274	0.0195994
1.94275	0.0198663
1.95275	0.0201365
1.96276	0.0204102
1.97276	0.0206875
1.98277	0.0209681
1.99277	0.0212523
2.00278	0.0215403
2.01278	0.0218319
2.02279	0.0221272
2.0328	0.0224262
2.0428	0.022729
2.05281	0.0230356
2.06281	0.0233461
2.07282	0.0236604
2.08282	0.023978
2.09283	0.0242995
2.10283	0.024625
2.11284	0.0249546
2.12285	0.0252883
2.13285	0.0256261
2.14286	0.025968
2.15286	0.0263138
2.16287	0.0266638
2.17287	0.0270181
2.18288	0.0273767
2.19288	0.027738
2.20289	0.0281036
2.2129	0.0284736
2.2229	0.0288481
2.23291	0.0292271
2.24291	0.0296106
2.25292	0.0299985
2.26292	0.0303911
2.27293	0.0307884
2.28293	0.0311903
2.29294	0.031597
2.30295	0.0320086
2.31295	0.0324249
2.32296	0.0328462
2.33296	0.0332725
2.34297	0.0337037
2.35297	0.0341389
2.36298	0.0345793
2.37298	0.0350247
2.38299	0.0354753
2.393	0.0359311
2.403	0.0363916
2.41301	0.0368574
2.42301	0.0373284
2.43302	0.0378026
2.44302	0.0382822
2.45303	0.0387672
2.46304	0.0392578
2.47304	0.0397538
2.48305	0.0402552
2.49305	0.0407622
2.50306	0.0412748
2.51306	0.0417932
2.52307	0.0423174
2.53307	0.0428473
2.54308	0.0433832
2.55309	0.0439237
2.56309	0.0444702
2.5731	0.0450226
2.5831	0.0455812
2.59311	0.0461451
2.60311	0.0467152
2.61312	0.0472915
2.62312	0.0478712
2.63313	0.0484571
2.64314	0.0490494
2.65314	0.049648
2.66315	0.050253
2.67315	0.0508641
2.68316	0.0514817
2.69316	0.0521058
2.70317	0.0527365
2.71317	0.0533739
2.72318	0.0540164
2.73319	0.0546658
2.74319	0.0553219
2.7532	0.0559848
2.7632	0.0566538
2.77321	0.0573297
2.78321	0.0580095
2.79322	0.0586961
2.80322	0.0593897
2.81323	0.0600904
2.82324	0.0607983
2.83324	0.061513
2.84325	0.0622349
2.85325	0.0629641
2.86326	0.0637006
2.87326	0.0644427
2.88327	0.0651923
2.89327	0.0659494
2.90328	0.0667131
2.91329	0.0674844
2.92329	0.0682597
2.9333	0.0690426
2.9433	0.0698332
2.95331	0.0706313
2.96331	0.0714372
2.97332	0.0722505
2.98332	0.0730717
2.99333	0.0739008
3.00334	0.074736
3.01334	0.0755791
3.02335	0.0764303
3.03335	0.0772886
3.04336	0.078151
3.05336	0.0790217
3.06337	0.0799005
3.07337	0.0807876
3.08338	0.0816829
3.09339	0.0825865
3.10339	0.083498
3.1134	0.0844158
3.1234	0.0853421
3.13341	0.0862769
3.14341	0.0872204
3.15342	0.088167
3.16342	0.0891221
3.17343	0.0900859
3.18344	0.0910585
3.19344	0.0920399
3.20345	0.0930301
3.21345	0.0940284
3.22346	0.0950332
3.23346	0.0960471
3.24347	0.0970699
3.25347	0.0980959
3.26348	0.0991309
3.27349	0.100175
3.28349	0.101228
3.2935	0.102291
3.3035	0.103362
3.31351	0.104443
3.32351	0.10553
3.33352	0.106626
3.34352	0.107726
3.35353	0.108834
3.36354	0.109952
3.37354	0.11108
3.38355	0.112217
3.39355	0.113363
3.40356	0.114519
3.41356	0.115682
3.42357	0.116854
3.43357	0.11803
3.44358	0.119214
3.45359	0.120408
3.46359	0.121612
3.4736	0.122825
3.4836	0.124049
3.49361	0.125279
3.50361	0.12652
3.51362	0.127763
3.52362	0.129017
3.53363	0.130279
3.54364	0.131552
3.55364	0.132834
3.56365	0.134126
3.57365	0.135425
3.58366	0.136735
3.59366	0.138048
3.60367	0.139371
3.61367	0.140703
3.62368	0.142045
3.63369	0.143397
3.64369	0.144759
3.6537	0.146128
3.6637	0.147508
3.67371	0.148892
3.68371	0.150285
3.69372	0.151687
3.70372	0.1531
3.71373	0.154523
3.72374	0.155953
3.73374	0.157393
3.74375	0.158837
3.75375	0.160291
3.76376	0.161754
3.77376	0.163227
3.78377	0.164711
3.79377	0.166202
3.80378	0.167704
3.81379	0.169209
3.82379	0.170724
3.8338	0.172248
3.8438	0.173782
3.85381	0.175328
3.86381	0.17688
3.87382	0.178435
3.88382	0.180001
3.89383	0.181578
3.90384	0.183163
3.91384	0.184758
3.92385	0.186361
3.93385	0.187967
3.94386	0.189583
3.95386	0.191211
3.96387	0.192847
3.97387	0.194493
3.98388	0.196149
3.99389	0.197813
4.00389	0.19948
4.0139	0.201157
4.0239	0.202845
4.03391	0.204542
4.04391	0.206249
4.05392	0.207954
4.06392	0.209671
4.07393	0.211398
4.08394	0.213136
4.09394	0.214882
4.10395	0.216639
4.11395	0.218393
4.12396	0.220159
4.13396	0.221935
4.14397	0.223722
4.15397	0.225518
4.16398	0.22732
4.17399	0.229124
4.18399	0.230938
4.194	0.232762
4.204	0.234598
4.21401	0.236442
4.22401	0.238284
4.23402	0.240135
4.24402	0.241997
4.25403	0.24387
4.26404	0.24575
4.27404	0.247637
4.28405	0.249526
4.29405	0.251424
4.30406	0.253334
4.31406	0.255253
4.32407	0.257181
4.33407	0.259105
4.34408	0.26104
4.35409	0.262984
4.36409	0.264939
4.3741	0.266902
4.3841	0.268861
4.39411	0.270831
4.40411	0.27281
4.41412	0.274799
4.42412	0.276798
4.43413	0.278791
4.44414	0.280794
4.45414	0.282808
4.46415	0.28483
4.47415	0.286863
4.48416	0.288889
4.49416	0.290925
4.50417	0.292972
4.51417	0.295026
4.52418	0.297091
4.53419	0.299148
4.54419	0.301216
4.5542	0.303294
4.5642	0.305381
4.57421	0.307477
4.58421	0.309565
4.59422	0.311663
4.60422	0.31377
4.61423	0.315887
4.62424	0.318013
4.63424	0.320131
4.64425	0.322258
4.65425	0.324394
4.66426	0.32654
4.67426	0.328684
4.68427	0.33083
4.69427	0.332984
4.70428	0.335148
4.71429	0.337321
4.72429	0.339492
4.7343	0.341665
4.7443	0.343845
4.75431	0.346035
4.76431	0.348234
4.77432	0.350426
4.78432	0.352624
4.79433	0.35483
4.80434	0.357044
4.81434	0.359257
4.82435	0.36147
4.83435	0.363691
4.84436	0.365921
4.85436	0.368159
4.86437	0.370389
4.87437	0.372625
4.88438	0.374868
4.89439	0.377119
4.90439	0.379367
4.9144	0.381618
4.9244	0.383873
4.93441	0.386136
4.94441	0.388407
4.95442	0.39067
4.96442	0.392938
4.97443	0.395212
4.98444	0.397494
4.99444	0.399772
5.00445	0.402053
5.01445	0.404339
5.02446	0.40663
5.03446	0.408928
5.04447	0.411218
5.05447	0.413515
5.06448	0.415816
5.07449	0.418123
5.08449	0.420426
5.0945	0.42273
5.1045	0.425038
5.11451	0.427353
5.12451	0.429663
5.13452	0.431973
5.14452	0.43429
5.15453	0.436611
5.16454	0.438938
5.17454	0.441259
5.18455	0.443581
5.19455	0.445906
5.20456	0.448237
5.21456	0.450562
5.22457	0.452887
5.23457	0.455219
5.24458	0.457552
5.25459	0.459881
5.26459	0.462208
5.2746	0.464541
5.2846	0.466877
5.29461	0.469217
5.30461	0.471553
5.31462	0.473886
5.32462	0.476224
5.33463	0.478565
5.34464	0.4809
5.35464	0.483234
5.36465	0.485573
5.37465	0.487912
5.38466	0.490255
5.39466	0.492599
5.40467	0.494937
5.41467	0.497273
5.42468	0.499612
5.43469	0.501956
5.44469	0.50429
5.4547	0.506625
5.4647	0.508962
5.47471	0.511292
5.48471	0.51362
5.49472	0.515952
5.50472	0.518283
5.51473	0.520607
5.52474	0.522934
5.53474	0.52526
5.54475	0.527587
5.55475	0.529904
5.56476	0.532224
5.57476	0.534541
5.58477	0.536862
5.59477	0.539181
5.60478	0.541493
5.61479	0.543801
5.62479	0.546112
5.6348	0.548426
5.6448	0.550727
5.65481	0.553031
5.66481	0.555331
5.67482	0.557633
5.68482	0.559924
5.69483	0.562216
5.70484	0.564505
5.71484	0.566795
5.72485	0.569087
5.73485	0.571365
5.74486	0.573646
5.75486	0.575923
5.76487	0.578201
5.77487	0.58047
5.78488	0.582736
5.79489	0.584998
5.80489	0.587261
5.8149	0.589525
5.8249	0.591777
5.83491	0.594028
5.84491	0.596275
5.85492	0.598522
5.86492	0.60076
5.87493	0.603004
5.88494	0.605239
5.89494	0.60747
5.90495	0.609696
5.91495	0.611922
5.92496	0.614148
5.93496	0.616361
5.94497	0.618575
5.95497	0.620781
5.96498	0.622979
5.97499	0.62517
5.98499	0.62736
5.995	0.629549
6.005	0.631728
6.01501	0.633904
6.02501	0.636073
6.03502	0.638241
6.04503	0.640398
6.05503	0.642554
6.06504	0.644707
6.07504	0.646853
6.08505	0.648997
6.09505	0.651129
6.10506	0.653258
6.11506	0.655381
6.12507	0.657501
6.13508	0.65962
6.14508	0.661727
6.15509	0.66383
6.16509	0.665926
6.1751	0.66802
6.1851	0.670111
6.19511	0.672191
6.20511	0.674266
6.21512	0.676334
6.22513	0.678399
6.23513	0.680461
6.24514	0.682512
6.25514	0.684558
6.26515	0.686596
6.27515	0.688632
6.28516	0.690654
6.29516	0.692674
6.30517	0.694689
6.31518	0.696696
6.32518	0.6987
6.33519	0.700691
6.34519	0.702679
6.3552	0.704662
6.3652	0.706637
6.37521	0.708609
6.38521	0.710574
6.39522	0.712536
6.40523	0.714494
6.41523	0.716439
6.42524	0.71838
6.43524	0.720311
6.44525	0.722238
6.45525	0.724162
6.46526	0.726071
6.47526	0.727977
6.48527	0.729876
6.49528	0.731762
6.50528	0.733642
6.51529	0.735517
6.52529	0.737383
6.5353	0.739244
6.5453	0.741093
6.55531	0.742937
6.56531	0.744776
6.57532	0.746604
6.58533	0.748429
6.59533	0.750248
6.60534	0.752055
6.61534	0.753856
6.62535	0.755653
6.63535	0.757438
6.64536	0.759219
6.65536	0.760995
6.66537	0.762758
6.67538	0.764516
6.68538	0.766266
6.69539	0.768007
6.70539	0.769743
6.7154	0.771466
6.7254	0.773184
6.73541	0.774896
6.74541	0.776598
6.75542	0.778294
6.76543	0.779984
6.77543	0.781661
6.78544	0.783333
6.79544	0.785
6.80545	0.786654
6.81545	0.788304
6.82546	0.789947
6.83546	0.791578
6.84547	0.793202
6.85548	0.794822
6.86548	0.796435
6.87549	0.798036
6.88549	0.799633
6.8955	0.801222
6.9055	0.802805
6.91551	0.804381
6.92551	0.805945
6.93552	0.807503
6.94553	0.809054
6.95553	0.810594
6.96554	0.812128
6.97554	0.813656
6.98555	0.815171
6.99555	0.81668
7.00556	0.818179
7.01556	0.819672
7.02557	0.821158
7.03558	0.822632
7.04558	0.824099
7.05559	0.82556
7.06559	0.827012
7.0756	0.828455
7.0856	0.829891
7.09561	0.831322
7.10561	0.83274
7.11562	0.834151
7.12563	0.835556
7.13563	0.836955
7.14564	0.838341
7.15564	0.839722
7.16565	0.841096
7.17565	0.842458
7.18566	0.843813
7.19566	0.845162
7.20567	0.846504
7.21568	0.847835
7.22568	0.849159
7.23569	0.850477
7.24569	0.851782
7.2557	0.85308
7.2657	0.854373
7.27571	0.855658
7.28571	0.856938
7.29572	0.858206
7.30573	0.859467
7.31573	0.860721
7.32574	0.861963
7.33574	0.863199
7.34575	0.864428
7.35575	0.865651
7.36576	0.866867
7.37576	0.868072
7.38577	0.86927
7.39578	0.870462
7.40578	0.871647
7.41579	0.87282
7.42579	0.873986
7.4358	0.875146
7.4458	0.876299
7.45581	0.877444
7.46581	0.87858
7.47582	0.879709
7.48583	0.880831
7.49583	0.881942
7.50584	0.883046
7.51584	0.884144
7.52585	0.885235
7.53585	0.88632
7.54586	0.887395
7.55586	0.888463
7.56587	0.889524
7.57588	0.890578
7.58588	0.891625
7.59589	0.892662
7.60589	0.893692
7.6159	0.894715
7.6259	0.895732
7.63591	0.896743
7.64591	0.897744
7.65592	0.898738
7.66593	0.899726
7.67593	0.900706
7.68594	0.90168
7.69594	0.902643
7.70595	0.9036
7.71595	0.904551
7.72596	0.905495
7.73596	0.906433
7.74597	0.907365
7.75598	0.908288
7.76598	0.909204
7.77599	0.910113
7.78599	0.911015
7.796	0.911911
7.806	0.912797
7.81601	0.913676
7.82601	0.91455
7.83602	0.915417
7.84603	0.916278
7.85603	0.917133
7.86604	0.91798
7.87604	0.91882
7.88605	0.919653
7.89605	0.92048
7.90606	0.921301
7.91606	0.922111
7.92607	0.922916
7.93608	0.923715
7.94608	0.924508
7.95609	0.925295
7.96609	0.926076
7.9761	0.926851
7.9861	0.927619
7.99611	0.928379
8.00611	0.929134
8.01612	0.929883
8.02613	0.930625
8.03613	0.931362
8.04614	0.93209
8.05614	0.932811
8.06615	0.933527
8.07615	0.934238
8.08616	0.934942
8.09616	0.935641
8.10617	0.936335
8.11618	0.937022
8.12618	0.937703
8.13619	0.938377
8.14619	0.939046
8.1562	0.939709
8.1662	0.940366
8.17621	0.941018
8.18621	0.941664
8.19622	0.942302
8.20623	0.942934
8.21623	0.943561
8.22624	0.944183
8.23624	0.944799
8.24625	0.94541
8.25625	0.946016
8.26626	0.946617
8.27626	0.947212
8.28627	0.947801
8.29628	0.948384
8.30628	0.948962
8.31629	0.949535
8.32629	0.950102
8.3363	0.950664
8.3463	0.951221
8.35631	0.951774
8.36631	0.952318
8.37632	0.952858
8.38633	0.953393
8.39633	0.953923
8.40634	0.954448
8.41634	0.954968
8.42635	0.955483
8.43635	0.955994
8.44636	0.9565
8.45636	0.957001
8.46637	0.957498
8.47638	0.957989
8.48638	0.958474
8.49639	0.958955
8.50639	0.959431
8.5164	0.959903
8.5264	0.96037
8.53641	0.960832
8.54641	0.96129
8.55642	0.961744
8.56643	0.962193
8.57643	0.962635
8.58644	0.963074
8.59644	0.963508
8.60645	0.963938
8.61645	0.964363
8.62646	0.964784
8.63646	0.965202
8.64647	0.965615
8.65648	0.966023
8.66648	0.966428
8.67649	0.966829
8.68649	0.967225
8.6965	0.967617
8.7065	0.968004
8.71651	0.968387
8.72651	0.968766
8.73652	0.969141
8.74653	0.969512
8.75653	0.969879
8.76654	0.970243
8.77654	0.970603
8.78655	0.970959
8.79655	0.971311
8.80656	0.971659
8.81656	0.972004
8.82657	0.972343
8.83658	0.972679
8.84658	0.973012
8.85659	0.973341
8.86659	0.973666
8.8766	0.973988
8.8866	0.974306
8.89661	0.974621
8.90661	0.974932
8.91662	0.97524
8.92663	0.975545
8.93663	0.975846
8.94664	0.976144
8.95664	0.976439
8.96665	0.97673
8.97665	0.977018
8.98666	0.977302
8.99666	0.977582
9.00667	0.97786
9.01668	0.978134
9.02668	0.978405
9.03669	0.978673
9.04669	0.978938
9.0567	0.9792
9.0667	0.979459
9.07671	0.979715
9.08671	0.979968
9.09672	0.980219
9.10673	0.980466
9.11673	0.98071
9.12674	0.980952
9.13674	0.981191
9.14675	0.981427
9.15675	0.98166
9.16676	0.981891
9.17676	0.982118
9.18677	0.982343
9.19678	0.982564
9.20678	0.982783
9.21679	0.982999
9.22679	0.983213
9.2368	0.983424
9.2468	0.983632
9.25681	0.983838
9.26681	0.984042
9.27682	0.984243
9.28683	0.984441
9.29683	0.984637
9.30684	0.984831
9.31684	0.985023
9.32685	0.985212
9.33685	0.985398
9.34686	0.985583
9.35686	0.985765
9.36687	0.985945
9.37688	0.986122
9.38688	0.986298
9.39689	0.986471
9.40689	0.986642
9.4169	0.98681
9.4269	0.986976
9.43691	0.987141
9.44691	0.987303
9.45692	0.987462
9.46693	0.98762
9.47693	0.987776
9.48694	0.98793
9.49694	0.988082
9.50695	0.988232
9.51695	0.988381
9.52696	0.988527
9.53696	0.988671
9.54697	0.988814
9.55698	0.988954
9.56698	0.989093
9.57699	0.98923
9.58699	0.989365
9.597	0.989499
9.607	0.98963
9.61701	0.98976
9.62702	0.989889
9.63702	0.990015
9.64703	0.99014
9.65703	0.990263
9.66704	0.990385
9.67704	0.990505
9.68705	0.990623
9.69705	0.99074
9.70706	0.990856
9.71707	0.990969
9.72707	0.991081
9.73708	0.991192
9.74708	0.991301
9.75709	0.991409
9.76709	0.991515
9.7771	0.99162
9.7871	0.991724
9.79711	0.991826
9.80712	0.991926
9.81712	0.992025
9.82713	0.992123
9.83713	0.992219
9.84714	0.992314
9.85714	0.992408
9.86715	0.9925
9.87715	0.992591
9.88716	0.99268
9.89717	0.992769
9.90717	0.992856
9.91718	0.992942
9.92718	0.993027
9.93719	0.99311
9.94719	0.993193
9.9572	0.993274
9.9672	0.993354
9.97721	0.993433
9.98722	0.993511
9.99722	0.993588
10.0072	0.993664
10.0172	0.993738
10.0272	0.993812
10.0372	0.993885
10.0472	0.993956
10.0573	0.994027
10.0673	0.994096
10.0773	0.994165
10.0873	0.994232
10.0973	0.994299
10.1073	0.994364
10.1173	0.994429
10.1273	0.994493
10.1373	0.994556
10.1473	0.994618
10.1573	0.994679
10.1673	0.994739
10.1773	0.994798
10.1873	0.994856
10.1973	0.994914
10.2073	0.994971
10.2173	0.995027
10.2273	0.995082
10.2374	0.995136
10.2474	0.99519
10.2574	0.995242
10.2674	0.995294
10.2774	0.995346
10.2874	0.995396
10.2974	0.995446
10.3074	0.995495
10.3174	0.995543
10.3274	0.995591
10.3374	0.995638
10.3474	0.995684
10.3574	0.995729
10.3674	0.995774
10.3774	0.995818
10.3874	0.995862
10.3974	0.995905
10.4074	0.995947
10.4175	0.995989
10.4275	0.99603
10.4375	0.99607
10.4475	0.99611
10.4575	0.996149
10.4675	0.996188
10.4775	0.996226
10.4875	0.996263
10.4975	0.9963
10.5075	0.996337
10.5175	0.996373
10.5275	0.996408
10.5375	0.996443
10.5475	0.996477
10.5575	0.996511
10.5675	0.996544
10.5775	0.996577
10.5875	0.99661
10.5976	0.996641
10.6076	0.996673
10.6176	0.996704
10.6276	0.996734
10.6376	0.996764
10.6476	0.996794
10.6576	0.996823
10.6676	0.996852
10.6776	0.99688
10.6876	0.996908
10.6976	0.996936
10.7076	0.996963
10.7176	0.99699
10.7276	0.997016
10.7376	0.997042
10.7476	0.997067
10.7576	0.997093
10.7676	0.997117
10.7777	0.997142
10.7877	0.997166
10.7977	0.99719
10.8077	0.997213
10.8177	0.997236
10.8277	0.997259
10.8377	0.997281
10.8477	0.997303
10.8577	0.997325
10.8677	0.997347
10.8777	0.997368
10.8877	0.997389
10.8977	0.997409
10.9077	0.997429
10.9177	0.997449
10.9277	0.997469
10.9377	0.997488
10.9477	0.997508
10.9578	0.997526
10.9678	0.997545
10.9778	0.997563
10.9878	0.997582
10.9978	0.997599
11.0078	0.997617
11.0178	0.997634
11.0278	0.997651
11.0378	0.997668
11.0478	0.997685
11.0578	0.997701
11.0678	0.997717
11.0778	0.997733
11.0878	0.997749
11.0978	0.997765
11.1078	0.99778
11.1178	0.997795
11.1278	0.99781
11.1379	0.997825
11.1479	0.997839
11.1579	0.997854
11.1679	0.997868
11.1779	0.997882
11.1879	0.997896
11.1979	0.997909
11.2079	0.997923
11.2179	0.997936
11.2279	0.997949
11.2379	0.997962
11.2479	0.997975
11.2579	0.997987
11.2679	0.998
11.2779	0.998012
11.2879	0.998024
11.2979	0.998036
11.3079	0.998048
11.318	0.998059
11.328	0.998071
11.338	0.998082
11.348	0.998094
11.358	0.998105
11.368	0.998116
11.378	0.998127
11.388	0.998137
11.398	0.998148
11.408	0.998158
11.418	0.998169
11.428	0.998179
11.438	0.998189
11.448	0.998199
11.458	0.998209
11.468	0.998219
11.478	0.998228
11.488	0.998238
11.4981	0.998247
11.5081	0.998257
11.5181	0.998266
11.5281	0.998275
11.5381	0.998284
11.5481	0.998293
11.5581	0.998302
11.5681	0.998311
11.5781	0.99832
11.5881	0.998328
11.5981	0.998337
11.6081	0.998345
11.6181	0.998354
11.6281	0.998362
11.6381	0.99837
11.6481	0.998378
11.6581	0.998386
11.6681	0.998394
11.6782	0.998402
11.6882	0.99841
11.6982	0.998417
11.7082	0.998425
11.7182	0.998433
11.7282	0.99844
11.7382	0.998448
11.7482	0.998455
11.7582	0.998462
11.7682	0.99847
11.7782	0.998477
11.7882	0.998484
11.7982	0.998491
11.8082	0.998498
11.8182	0.998505
11.8282	0.998512
11.8382	0.998519
11.8482	0.998526
11.8583	0.998532
11.8683	0.998539
11.8783	0.998546
11.8883	0.998552
11.8983	0.998559
11.9083	0.998566
11.9183	0.998572
11.9283	0.998578
11.9383	0.998585
11.9483	0.998591
11.9583	0.998597
11.9683	0.998604
11.9783	0.99861
11.9883	0.998616
11.9983	0.998622
12.0083	0.998628
12.0183	0.998634
12.0283	0.99864
12.0384	0.998646
12.0484	0.998652
12.0584	0.998658
12.0684	0.998664
12.0784	0.99867
12.0884	0.998676
12.0984	0.998681
12.1084	0.998687
12.1184	0.998693
12.1284	0.998698
12.1384	0.998704
12.1484	0.99871
12.1584	0.998715
12.1684	0.998721
12.1784	0.998726
12.1884	0.998732
12.1984	0.998737
12.2084	0.998743
12.2185	0.998748
12.2285	0.998754
12.2385	0.998759
12.2485	0.998764
12.2585	0.99877
12.2685	0.998775
12.2785	0.99878
12.2885	0.998786
12.2985	0.998791
12.3085	0.998796
12.3185	0.998801
12.3285	0.998806
12.3385	0.998812
12.3485	0.998817
12.3585	0.998822
12.3685	0.998827
12.3785	0.998832
12.3885	0.998837
12.3986	0.998842
12.4086	0.998847
12.4186	0.998852
12.4286	0.998857
12.4386	0.998862
12.4486	0.998867
12.4586	0.998872
12.4686	0.998877
12.4786	0.998882
12.4886	0.998887
12.4986	0.998892
12.5086	0.998897
12.5186	0.998902
12.5286	0.998907
12.5386	0.998912
12.5486	0.998916
12.5586	0.998921
12.5686	0.998926
12.5787	0.998931
12.5887	0.998936
12.5987	0.99894
12.6087	0.998945
12.6187	0.99895
12.6287	0.998955
12.6387	0.998959
12.6487	0.998964
12.6587	0.998969
12.6687	0.998974
12.6787	0.998978
12.6887	0.998983
12.6987	0.998988
12.7087	0.998992
12.7187	0.998997
12.7287	0.999002
12.7387	0.999006
12.7487	0.999011
12.7588	0.999016
12.7688	0.99902
12.7788	0.999025
12.7888	0.99903
12.7988	0.999034
12.8088	0.999039
12.8188	0.999043
12.8288	0.999048
12.8388	0.999053
12.8488	0.999057
12.8588	0.999062
12.8688	0.999066
12.8788	0.999071
12.8888	0.999076
12.8988	0.99908
12.9088	0.999085
12.9188	0.999089
12.9288	0.999094
12.9389	0.999098
12.9489	0.999103
12.9589	0.999107
12.9689	0.999112
12.9789	0.999116
12.9889	0.999121
12.9989	0.999125
13.0089	0.99913
13.0189	0.999134
13.0289	0.999139
13.0389	0.999143
13.0489	0.999148
13.0589	0.999152
13.0689	0.999157
13.0789	0.999161
13.0889	0.999166
13.0989	0.99917
13.1089	0.999175
13.119	0.999179
13.129	0.999184
13.139	0.999188
13.149	0.999193
13.159	0.999197
13.169	0.999201
13.179	0.999206
13.189	0.99921
13.199	0.999215
13.209	0.999219
13.219	0.999224
13.229	0.999228
13.239	0.999233
13.249	0.999237
13.259	0.999241
13.269	0.999246
13.279	0.99925
13.289	0.999255
13.2991	0.999259
13.3091	0.999263
13.3191	0.999268
13.3291	0.999272
13.3391	0.999277
13.3491	0.999281
13.3591	0.999286
13.3691	0.99929
13.3791	0.999294
13.3891	0.999299
13.3991	0.999303
13.4091	0.999308
13.4191	0.999312
13.4291	0.999316
13.4391	0.999321
13.4491	0.999325
13.4591	0.99933
13.4691	0.999334
13.4792	0.999338
13.4892	0.999343
13.4992	0.999347
13.5092	0.999351
13.5192	0.999356
13.5292	0.99936
13.5392	0.999365
13.5492	0.999369
13.5592	0.999373
13.5692	0.999378
13.5792	0.999382
13.5892	0.999387
13.5992	0.999391
13.6092	0.999395
13.6192	0.9994
13.6292	0.999404
13.6392	0.999408
13.6492	0.999413
13.6593	0.999417
13.6693	0.999421
13.6793	0.999426
13.6893	0.99943
13.6993	0.999435
13.7093	0.999439
13.7193	0.999443
13.7293	0.999448
13.7393	0.999452
13.7493	0.999456
13.7593	0.999461
13.7693	0.999465
13.7793	0.99947
13.7893	0.999474
13.7993	0.999478
13.8093	0.999483
13.8193	0.999487
13.8293	0.999491
13.8394	0.999496
13.8494	0.9995
13.8594	0.999504
13.8694	0.999509
13.8794	0.999513
13.8894	0.999517
13.8994	0.999522
13.9094	0.999526
13.9194	0.999531
13.9294	0.999535
13.9394	0.999539
13.9494	0.999544
13.9594	0.999548
13.9694	0.999552
13.9794	0.999557
13.9894	0.999561
13.9994	0.999565
14.0094	0.99957
14.0195	0.999574
14.0295	0.999578
14.0395	0.999583
14.0495	0.999587
14.0595	0.999592
14.0695	0.999596
14.0795	0.9996
14.0895	0.999605
14.0995	0.999609
14.1095	0.999613
14.1195	0.999618
14.1295	0.999622
14.1395	0.999626
14.1495	0.999631
14.1595	0.999635
14.1695	0.999639
14.1795	0.999644
14.1895	0.999648
14.1996	0.999652
14.2096	0.999657
14.2196	0.999661
14.2296	0.999665
14.2396	0.99967
14.2496	0.999674
14.2596	0.999678
14.2696	0.999683
14.2796	0.999687
14.2896	0.999692
14.2996	0.999696
14.3096	0.9997
14.3196	0.999705
14.3296	0.999709
14.3396	0.999713
14.3496	0.999718
14.3596	0.999722
14.3696	0.999726
14.3797	0.999731
14.3897	0.999735
14.3997	0.999739
14.4097	0.999744
14.4197	0.999748
14.4297	0.999752
14.4397	0.999757
14.4497	0.999761
14.4597	0.999765
14.4697	0.99977
14.4797	0.999774
14.4897	0.999778
14.4997	0.999783
14.5097	0.999787
14.5197	0.999791
14.5297	0.999796
14.5397	0.9998
14.5497	0.999805
14.5598	0.999809
14.5698	0.999813
14.5798	0.999818
14.5898	0.999822
14.5998	0.999826
14.6098	0.999831
14.6198	0.999835
14.6298	0.999839
14.6398	0.999844
14.6498	0.999848
14.6598	0.999852
14.6698	0.999857
14.6798	0.999861
14.6898	0.999865
14.6998	0.99987
14.7098	0.999874
14.7198	0.999878
14.7298	0.999883
14.7399	0.999887
14.7499	0.999891
14.7599	0.999896
14.7699	0.9999
14.7799	0.999904
14.7899	0.999909
14.7999	0.999913
14.8099	0.999917
14.8199	0.999922
14.8299	0.999926
14.8399	0.999931
14.8499	0.999935
14.8599	0.999939
14.8699	0.999944
14.8799	0.999948
14.8899	0.999952
14.8999	0.999957
14.9099	0.999961
14.92	0.999965
14.93	0.99997
14.94	0.999974
14.95	0.999978
14.96	0.999983
14.97	0.999987
14.98	0.999991
14.99	0.999996
15	1
